.-. 49 ..

seit 001010 1800 011 dem Gymnasium in 11000 0011 0111000110000001101111001 11110180 80·
111111 hatte. 1110 hier 010100001100 00110800 0011 80011101 8010110100 00100 1110000οΗ000
1011011100 1100001000. 8010 1101100100 11111 uns ein 8000800100 0101000. -1110 1001001
0011001010 810110 01100 100001101000000111. 111011001101877 1001110 10 (11000100 (101010001180
010101010011011011101Ηο11 110011 010, 1100101111 10 die 01010 810110 00 (101101000010 11011
1018010011 0011 111 (110 11101101011101010110 (1010101101180 00180100001100101Ηο11 Ηο80-
mann 10111 10110001 0010100 1101110.

1100 80010101000100101 001001, (100 0111 9. April 008000, 01001110 1101110 11010110 1100
10000 (10111001011010810110011011 10100110100800.

11000 01100 1110010011 010180101110111111080 und Weehen 101010 111010 0111108 0011

011111011100110111011011010111118011 1101 00110800100801, 010 1111101 Interesse (101 800010 11110-
00000 10011100, 111 0001110011 0000100, 0001100 (10011110 011800100100 der (10081100 110101-
11011100 0111 1111800101101 01111 (110 801110101008110100010111008011001011.

Die 1101800100111001010001100, (110 100 fast 01100 11100000 im 110001100100101-
110010100 00111011, 0110000100 die 1 0801111 1010011100 und geistig und wurden 1101001101000
1110011008 8001011.

1101 8011110108 1101110 10 (101 11001011 durch einen 01100100οο0 8000101100, 001 10100001 Α
(101 11010110101100101110 10011000 01011, 001001 8011001008 0010810000οἀ 10101000 00800800.

101 0101011101010110108 111 Michaelis 1877 001100 0100 010 Gymnasium 40berp1imaner
8001011101, 10 (1011011 00011 001 1111100000 kam. Naeh der 0000000000 Ρ101008 110100 (101
1111100000 01111 010 Primaner zuriiek. Die iibrigeh 30berprimaner unterzogen sich der
01001111000οΡ1111008, 010 011101 (1001101001 (10οΗ0110 00001100011081010080-1101000 111.
1100101000 001 211. August 0080001100 wurde. 10 1101001000 0001001100 2 Αο1101100100;
(1001 dritten 1000010 (100 10080100 der Reife 1000000100οο 1010081 werden.

110 an der Realsehule 10 1110000110 187 7 0100 1011000010011101008 01001 0101110011,
00 000111110 1101Ηο11 Geh. R. 1111100110000 den 108, den 01 durch 1100 1100100οἰ0001
Priifuhg 8011000011 00110, 10 0100111011οἰοο (100 11010111οο100 10 0101800 11100000 000101
1100110010 1011 11000100110000.

1018001000 (100 801010010010001010 8108 01110000001180081100 Κο018110000 Provin-
zialsehul-Collegiums der 110000001101111000 Η11110100101 0011 00011. preb. Herr 111. 101100
110801 00 das Jehanheum 10 Ηο010018 iiber. 1110 1101101011 001001 0111100000 1001181011
00 000010111001011 war 1111 1110 0000 001001 0180000 10101000οη8 01110 8100111100ος wir
00000010, dass der junge begabte Lehrer 01001 100801 0000101 0080100 0010010000οἣ 00-
800011 001, 0011 10000000 ihm 100 Ηο1100 10100100 10111010 10010000 100010 801110108οη8
0011 100010 11110180.

10 00100 810110 1101, 1001 Ρο110001 0010100 00111001 1100181. Ρ10110110100001-(1011081010
0001111181, 010 Ηο110100101 (10180011. 0000011100, (10100000 101001 010 0001111100.

dem (1110000011000011110000 war. 7

 

